****
 OpenBabel08042118043D

 18 19  0  0  0  0  0  0  0  0999 V2000
   -5.8307   -0.3636    0.0664 C   0  0  0  0  0  0  0  0  0  0  0  0
   -5.2960   -1.6082    0.3989 C   0  0  0  0  0  0  0  0  0  0  0  0
   -6.1444   -2.6784    0.6827 C   0  0  0  0  0  0  0  0  0  0  0  0
   -7.5274   -2.5039    0.6341 C   0  0  0  0  0  0  0  0  0  0  0  0
   -8.0621   -1.2593    0.3017 C   0  0  0  0  0  0  0  0  0  0  0  0
   -7.2137   -0.1891    0.0178 C   0  0  0  0  0  0  0  0  0  0  0  0
   -7.7262    1.0039   -0.3009 C   0  0  0  0  0  0  0  0  0  0  0  0
   -7.7696    1.5688   -1.9208 S   0  0  0  0  0  0  0  0  0  0  0  0
   -8.5164    3.0129   -1.3734 C   0  0  0  0  0  0  0  0  0  0  0  0
   -8.6786    2.9627   -0.0052 C   0  0  0  0  0  0  0  0  0  0  0  0
   -8.2257    1.8113    0.6092 N   0  0  0  0  0  0  0  0  0  0  0  0
   -5.1617    0.4803   -0.1575 H   0  0  0  0  0  0  0  0  0  0  0  0
   -4.2053   -1.7458    0.4373 H   0  0  0  0  0  0  0  0  0  0  0  0
   -5.7228   -3.6600    0.9448 H   0  0  0  0  0  0  0  0  0  0  0  0
   -8.1964   -3.3479    0.8579 H   0  0  0  0  0  0  0  0  0  0  0  0
   -9.1528   -1.1217    0.2634 H   0  0  0  0  0  0  0  0  0  0  0  0
   -8.8199    3.8520   -2.0167 H   0  0  0  0  0  0  0  0  0  0  0  0
   -9.1389    3.7861    0.5606 H   0  0  0  0  0  0  0  0  0  0  0  0
  1  2  1  0  0  0  0
  1  6  2  0  0  0  0
  1 12  1  0  0  0  0
  2  3  2  0  0  0  0
  2 13  1  0  0  0  0
  3  4  1  0  0  0  0
  3 14  1  0  0  0  0
  4  5  2  0  0  0  0
  4 15  1  0  0  0  0
  5  6  1  0  0  0  0
  5 16  1  0  0  0  0
  6  7  1  0  0  0  0
  7  8  1  0  0  0  0
  7 11  2  0  0  0  0
  8  9  1  0  0  0  0
  9 10  2  0  0  0  0
  9 17  1  0  0  0  0
 10 11  1  0  0  0  0
 10 18  1  0  0  0  0
M  END
$$$$
